/*--------------------------------*- C++ -*----------------------------------*\
  =========                 |
  \\      /  F ield         | OpenFOAM: The Open Source CFD Toolbox
   \\    /   O peration     | Website:  https://openfoam.org
    \\  /    A nd           | Version:  7
     \\/     M anipulation  |
\*---------------------------------------------------------------------------*/
FoamFile
{
    version     2.0;
    format      ascii;
    class       labelList;
    note        "nPoints:2020  nCells:1892  nFaces:6685  nInternalFaces:2775";
    location    "constant/polyMesh";
    object      neighbour;
}
// * * * * * * * * * * * * * * * * * * * * * * * * * * * * * * * * * * * * * //


2775
(
95
299
7
171
1250
4
688
783
49
391
820
23
105
86
104
112
47
713
1272
1005
1077
36
311
1663
84
114
138
23
27
139
41
78
539
84
1036
1689
50
719
1273
64
184
1386
152
840
922
86
1038
1687
41
80
153
162
850
876
42
79
154
28
244
469
31
249
563
42
87
583
37
48
150
1717
151
841
993
197
230
341
412
444
605
1696
109
241
1730
110
242
1731
604
1695
117
547
1578
167
915
1012
168
916
1013
58
1004
1230
1076
1270
415
854
77
240
1769
45
256
642
46
257
643
394
395
569
675
570
676
519
1187
520
1188
328
581
119
1425
304
1628
339
582
120
222
280
67
236
1137
68
237
1138
131
285
1735
174
602
1557
143
670
144
671
367
1269
129
194
1313
75
263
799
70
323
340
71
324
349
140
158
563
766
1010
79
662
1055
80
663
1056
642
789
643
790
148
149
469
698
699
107
746
1653
89
130
522
134
307
1484
97
1705
116
499
1648
1094
1202
347
1056
978
979
102
206
1403
103
207
1402
85
768
1030
682
868
918
687
377
1055
105
413
1362
1180
1226
92
171
294
93
265
1462
341
1129
718
1471
106
361
779
157
980
99
231
822
398
696
163
239
1576
245
649
127
885
1423
128
886
1424
170
1136
169
1135
876
882
139
208
578
255
1031
142
157
629
1607
1621
1608
1622
159
383
559
248
785
121
775
1882
261
773
227
294
530
693
702
1697
1755
260
593
678
374
701
250
432
680
771
137
460
1051
254
430
190
932
1102
191
933
1103
149
244
409
335
560
336
561
378
722
163
172
1152
1446
165
266
660
166
267
661
601
1431
158
249
368
164
176
1512
588
669
899
922
359
511
681
181
708
1168
621
1470
528
1400
529
1401
199
396
615
177
984
1517
178
983
1518
551
777
277
1065
1312
499
1236
491
773
282
1299
281
1298
156
705
723
852
1162
229
279
292
1151
251
924
1356
252
925
1357
527
785
432
180
1807
185
568
186
567
859
1060
860
1061
576
1130
575
1131
430
250
292
216
1461
1623
1699
1740
196
260
664
295
1295
200
1088
201
1089
223
230
263
490
1300
852
890
262
713
840
184
724
855
415
487
577
555
638
272
719
850
385
422
986
386
423
987
206
1085
207
1086
275
528
1564
276
529
1565
964
1651
232
1473
1619
1084
1527
1247
1355
346
672
829
455
1846
270
1181
271
1182
228
448
760
246
712
1804
247
711
1803
208
470
1220
1498
1499
768
381
552
828
345
531
1616
323
479
1621
324
480
1622
253
653
1495
287
777
1344
233
764
1433
406
1594
224
350
1303
225
351
1304
321
389
1156
322
390
1157
441
507
767
320
1510
505
1535
562
567
492
568
227
238
1278
332
471
942
753
1475
1239
264
1437
476
1606
679
1381
298
1392
1628
305
488
1384
519
1095
520
1096
443
1227
1189
297
453
364
389
365
390
308
754
1505
682
1158
1167
806
1514
807
1513
368
687
687
1151
990
1137
991
1138
332
1278
341
1203
259
1358
283
426
284
427
286
1094
1314
1068
1226
1184
409
682
452
491
657
268
1167
293
446
342
1757
343
1756
786
1553
425
471
761
597
666
598
667
459
527
494
556
1174
495
557
1175
632
734
633
733
397
839
440
530
657
297
851
1320
1331
874
1074
875
1075
467
553
468
554
914
1383
1197
1294
1093
1628
313
745
1200
382
820
956
315
750
1199
317
1008
1065
418
314
1817
296
371
498
1005
1227
511
1259
1271
809
1263
496
613
877
497
614
878
372
857
1032
373
858
1033
1093
1511
448
1669
338
384
1721
510
838
956
1141
318
716
1661
316
717
1662
384
407
358
779
802
819
1623
603
819
825
1619
1272
1556
1207
1330
1273
1559
595
631
548
836
1205
1743
1206
1744
1117
1118
327
592
1460
454
1236
1450
521
1495
411
596
352
810
1159
353
811
1160
685
751
992
640
684
752
996
418
522
1073
939
969
940
970
340
863
1229
366
624
424
606
604
1024
605
1023
510
628
1442
410
1470
927
1346
456
680
646
988
1044
400
1224
550
897
447
898
981
1350
982
1351
642
794
1533
643
795
1534
371
1069
1672
513
1022
1134
516
1791
957
1427
416
453
1441
1030
1791
474
540
1870
475
541
1871
479
781
480
782
431
985
637
1561
1673
482
791
1007
483
776
1006
1381
1502
1581
1503
1582
408
514
422
518
1046
423
517
1047
501
1462
414
538
387
428
1666
388
429
1667
917
1436
1207
1511
399
1245
821
1079
1438
1080
1439
1281
1452
1282
1451
1683
1684
668
1271
566
733
1601
565
734
1600
411
1116
424
1121
403
1210
777
834
440
1625
564
1000
1015
728
737
729
736
1276
1551
803
830
804
831
552
1345
1782
1829
934
1232
1664
630
827
864
415
805
697
1419
941
1225
659
1094
465
1057
1407
564
701
720
869
449
981
1159
450
982
1160
1588
1589
926
771
1124
1417
1533
1418
1534
626
676
627
675
928
578
778
1332
444
533
784
666
949
1062
667
950
1063
700
1326
1615
484
498
608
560
769
1001
561
770
1002
640
1801
1809
659
967
1021
646
837
1427
714
722
883
464
721
1041
1432
968
789
794
790
795
512
972
1420
489
596
669
953
1500
1391
1463
683
1472
607
1219
1507
646
870
1221
515
606
618
1668
741
909
1037
609
1235
1506
692
718
721
558
1806
1228
1339
549
1017
1678
1415
1539
1416
1537
946
1059
1854
1352
479
542
1243
480
543
1244
1001
1039
1002
1040
672
1580
509
1081
1435
517
581
1589
518
582
1588
717
755
716
759
709
1672
718
738
1122
595
693
1478
492
1183
1352
1373
514
701
1366
1610
514
1041
551
891
1296
540
919
541
920
1421
1549
1422
1543
1366
735
559
890
1674
694
1471
504
619
1526
658
677
965
1446
1645
797
799
635
751
1256
914
1732
636
752
1255
828
1195
1252
534
829
1194
1330
1430
538
722
544
1153
1272
1273
888
889
594
945
1800
801
908
1341
1066
1891
1067
1890
592
1059
1490
538
1102
1103
1129
1505
1670
665
1058
923
1142
669
1260
1034
1042
1035
1043
673
1011
1077
864
952
1683
1684
698
1147
699
1148
1276
1635
616
1292
617
1293
1435
1546
559
1151
948
1811
1114
1528
1805
907
887
1187
884
1188
562
1204
739
1870
740
1871
1626
1836
589
590
1114
1064
1325
1630
1631
1027
1028
730
1451
731
1452
631
664
710
681
896
1305
912
1237
1302
913
1238
1301
823
958
824
959
1636
1770
1854
655
748
1803
654
747
1804
1116
1121
926
973
652
983
1760
651
984
1762
716
742
990
717
743
991
1441
1826
787
1039
788
1040
610
1592
1593
1853
1433
653
1014
1540
1597
644
930
645
931
689
1127
1174
690
1128
1175
1259
1609
1420
1548
772
1462
1636
1644
1611
995
725
1372
994
696
1729
726
855
966
619
895
1587
651
1265
652
1266
1550
1759
981
1479
982
1480
620
710
1563
1084
1826
827
1820
649
812
1430
624
1587
1768
1318
639
1550
1629
872
1848
871
1847
1443
1528
1215
1880
796
1775
1277
848
1709
849
1708
815
1045
958
1036
959
1038
1632
1720
1644
1788
738
1471
1624
735
993
1305
986
1144
987
1145
756
1125
1838
757
1126
1839
1050
656
1620
1645
1723
1724
1718
712
1060
711
1061
1014
1504
1239
674
1196
853
1872
1874
1873
1875
745
1389
750
1390
1761
703
1571
1097
1098
826
1340
932
1099
933
1100
904
1250
1315
1367
1567
1106
1107
709
1671
679
1527
1459
761
1793
952
1627
1006
1356
1007
1357
691
727
988
697
786
907
1613
904
1614
709
1795
960
1264
1560
973
1629
865
927
972
1115
1167
1191
1192
1459
1527
1319
1668
808
1755
758
1054
1825
708
1573
806
912
1544
807
913
1545
1037
1560
1301
1302
1556
1313
1863
838
1252
1296
1559
1425
1858
1789
881
1016
921
1297
727
868
1410
1691
870
963
1640
962
1639
1522
1523
754
820
1340
1599
1598
1579
974
1306
975
1307
1759
902
1082
903
1083
1230
1406
1165
1404
1166
1405
836
1004
1561
772
997
1017
1378
1485
1379
1486
798
917
1081
775
1746
1745
800
1470
1616
840
1556
1283
1359
1284
1360
835
1172
850
1559
814
1675
1472
866
877
1111
867
878
1112
1069
1101
863
1774
921
999
771
1883
1221
893
1423
894
1424
1055
934
796
997
1767
1056
876
882
779
821
784
1434
1526
1156
1243
1157
1244
938
1830
1563
941
1216
1823
1851
1824
1852
924
925
899
922
859
1281
1778
860
1282
1779
1292
1293
1009
1660
1707
808
1248
1321
1340
1616
816
1361
813
1530
878
1186
877
1185
1142
1375
1396
1397
1578
944
1475
1071
1776
1072
1777
822
1141
1076
1665
1426
1879
833
1572
947
1169
893
902
1864
894
903
1865
1813
1076
1748
1023
1498
1024
1499
1814
1882
1475
1784
1704
1613
1614
1032
1323
1033
1324
895
945
1460
879
1740
1113
1542
873
1358
1674
1231
1490
1783
1664
1772
1432
1450
1013
1048
1685
1012
1049
1686
897
1213
1343
898
1214
1342
1174
1195
1347
1175
1194
1348
1027
1149
1028
1150
1673
1769
1201
1294
1524
1386
1830
1375
1015
1765
1513
1749
1514
1750
1378
1379
1258
1283
1666
1257
1284
1667
1697
1597
879
1287
1033
1411
1032
1412
870
952
1597
1257
1832
1258
1831
1031
1716
902
978
903
979
1557
951
1173
1663
966
1297
996
973
1611
983
1815
1079
1178
1080
1179
984
1816
905
910
906
911
1245
1344
1783
968
1078
1426
1074
1075
1318
1260
1579
1693
1692
992
1243
1376
1413
1244
1377
1414
1547
936
1095
937
1096
1552
1259
1474
1004
1168
1088
1181
1089
1182
1841
1842
1124
1656
1733
1657
1734
1242
1218
1372
1288
1730
1289
1731
1162
935
1563
1104
1105
1611
1349
1254
989
1370
1079
1097
1080
1098
1240
1241
1682
1587
1796
1144
1267
1145
1268
948
1216
1025
1178
1026
1179
1703
1087
1472
1014
1139
1541
1361
1784
1645
1644
1805
1395
1474
1802
1467
1517
1468
1518
1464
1483
1558
1090
1290
1336
1091
1291
1337
1763
1193
1384
1689
1687
1122
1659
998
1431
1484
1119
1120
1310
1771
1011
1712
1327
1326
1861
1198
1823
1844
1824
1845
1008
1113
1772
1557
1275
1274
1127
1200
1389
1128
1199
1390
1642
1643
1215
1092
1318
1328
1329
1694
1068
1469
1006
1007
1036
1041
1488
1890
1494
1891
1038
1190
1334
1395
1000
1201
1010
1864
1865
1101
1367
1374
1044
1312
1031
1704
1466
1795
1376
1377
1699
1652
1698
1190
1832
1850
1885
1831
1849
1887
1037
1570
1585
1441
1808
1050
1525
1696
1695
1062
1617
1063
1618
1873
1872
1030
1338
1792
1163
1531
1164
1532
1205
1206
1211
1233
1212
1234
1227
1140
1538
1328
1661
1329
1662
1399
1680
1398
1681
1078
1260
1319
1156
1398
1736
1157
1399
1737
1881
1551
1641
1251
1516
1231
1686
1685
1785
1786
1636
1793
1134
1211
1455
1212
1454
1180
1562
1209
1442
1443
1119
1132
1120
1133
1325
1458
1519
1520
1694
1158
1578
1127
1642
1128
1643
1615
1756
1875
1757
1874
1627
1675
1187
1188
1522
1523
1460
1853
1542
1165
1166
1178
1179
1274
1275
1562
1710
1711
1159
1633
1160
1634
1637
1638
1119
1350
1120
1351
1208
1380
1222
1265
1223
1266
1605
1252
1246
1705
1299
1229
1447
1224
1448
1298
1764
1315
1712
1388
1701
1702
1239
1255
1713
1256
1714
1393
1639
1394
1640
1738
1306
1368
1307
1369
1165
1166
1718
1729
1287
1476
1819
1715
1331
1332
1181
1182
1311
1333
1261
1413
1262
1414
1303
1598
1304
1599
1217
1526
1210
1530
1265
1467
1785
1266
1468
1786
1419
1190
1216
1553
1297
1342
1655
1343
1654
1674
1787
1415
1417
1416
1418
1370
1264
1789
1676
1884
1677
1888
1189
1305
1770
1761
1421
1422
1469
1701
1702
1217
1373
1614
1613
1712
1228
1493
1419
1669
1547
1552
1245
1310
1314
1355
1296
1788
1851
1852
1605
1247
1566
1334
1501
1754
1303
1752
1304
1753
1574
1434
1338
1610
1371
1500
1221
1231
1396
1780
1397
1781
1699
1310
1741
1658
1463
1697
1335
1312
1742
1285
1455
1286
1454
1365
1501
1648
1408
1681
1409
1680
1274
1403
1275
1402
1269
1706
1580
1606
1535
1251
1706
1440
1445
1254
1529
1444
1449
1568
1554
1555
1850
1849
1701
1838
1702
1839
1787
1270
1328
1404
1329
1405
1436
1665
1341
1575
1761
1353
1281
1309
1496
1282
1308
1497
1827
1828
1342
1834
1343
1835
1690
1347
1607
1348
1608
1486
1497
1485
1496
1316
1317
1339
1381
1382
1646
1647
1407
1515
1685
1686
1402
1403
1451
1522
1452
1523
1320
1569
1837
1771
1568
1481
1482
1579
1586
1363
1700
1333
1529
1632
1502
1503
1466
1489
1464
1652
1763
1569
1576
1516
1345
1436
1508
1509
1725
1487
1784
1392
1406
1363
1577
1860
1859
1363
1690
1479
1480
1388
1490
1495
1483
1626
1688
1566
1727
1728
1370
1849
1850
1787
1384
1669
1380
1476
1660
1443
1719
1372
1639
1713
1640
1714
1450
1722
1383
1433
1812
1398
1399
1496
1497
1538
1459
1512
1388
1488
1506
1835
1477
1494
1507
1834
1642
1643
1493
1651
1609
1428
1713
1429
1714
1411
1412
1564
1565
1661
1662
1594
1739
1491
1821
1492
1822
1465
1782
1514
1513
1656
1657
1590
1591
1583
1584
1859
1595
1596
1438
1439
1833
1525
1434
1554
1776
1555
1777
1819
1474
1751
1860
1521
1612
1519
1520
1537
1591
1484
1539
1590
1543
1596
1620
1546
1621
1548
1622
1549
1595
1466
1477
1811
1488
1494
1485
1582
1750
1486
1581
1749
1679
1811
1794
1813
1551
1465
1663
1723
1724
1790
1814
1707
1802
1558
1648
1533
1583
1534
1584
1652
1524
1739
1512
1868
1743
1851
1744
1852
1771
1756
1757
1602
1603
1536
1541
1748
1719
1722
1581
1602
1582
1603
1561
1586
1726
1641
1773
1723
1724
1646
1647
1670
1748
1861
1840
1747
1720
1604
1631
1630
1660
1732
1801
1815
1816
1558
1593
1726
1760
1617
1780
1618
1781
1856
1619
1855
1762
1869
1623
1612
1745
1746
1668
1567
1600
1601
1671
1573
1797
1774
1765
1698
1881
1641
1810
1580
1700
1594
1794
1632
1646
1647
1606
1790
1799
1752
1753
1659
1764
1726
1856
1855
1783
1773
1767
1808
1844
1845
1735
1625
1718
1729
1789
1858
1863
1654
1655
1727
1776
1728
1777
1792
1810
1649
1847
1650
1848
1676
1677
1837
1658
1678
1752
1753
1866
1867
1800
1665
1682
1778
1779
1775
1672
1703
1862
1878
1877
1679
1800
1737
1736
1742
1730
1731
1695
1698
1836
1696
1707
1812
1876
1751
1834
1747
1835
1795
1705
1741
1716
1720
1711
1872
1710
1873
1875
1874
1798
1812
1825
1738
1833
1747
1768
1829
1751
1773
1810
1745
1746
1735
1778
1827
1779
1828
1743
1744
1840
1807
1765
1769
1772
1803
1804
1759
1764
1774
1794
1797
1806
1815
1816
1819
1790
1799
1809
1775
1796
1793
1785
1786
1876
1805
1792
1798
1836
1857
1801
1830
1817
1868
1826
1818
1817
1818
1883
1825
1880
1823
1841
1824
1842
1866
1867
1857
1877
1878
1843
1846
1866
1867
1879
1844
1845
1862
1879
1869
1878
1877
1854
1859
1860
1876
1862
1868
1869
1870
1871
1881
1883
1885
1890
1888
1891
)


// ************************************************************************* //
