/*--------------------------------*- C++ -*----------------------------------*\
  =========                 |
  \\      /  F ield         | OpenFOAM: The Open Source CFD Toolbox
   \\    /   O peration     | Website:  https://openfoam.org
    \\  /    A nd           | Version:  7
     \\/     M anipulation  |
\*---------------------------------------------------------------------------*/
FoamFile
{
    version     2.0;
    format      ascii;
    class       vectorField;
    location    "constant/polyMesh";
    object      points;
}
// * * * * * * * * * * * * * * * * * * * * * * * * * * * * * * * * * * * * * //


2020
(
(0 0 0)
(0 1 0)
(0 10 0)
(16 10 0)
(16 9 0)
(16 0 0)
(0 0 0.5)
(0 1 0.5)
(0 10 0.5)
(16 10 0.5)
(16 9 0.5)
(16 0 0.5)
(0 0.2 0)
(0 0.4 0)
(0 0.6 0)
(0 0.8 0)
(0 1.31034 0)
(0 1.62069 0)
(0 1.93103 0)
(0 2.24138 0)
(0 2.55172 0)
(0 2.86207 0)
(0 3.17241 0)
(0 3.48276 0)
(0 3.7931 0)
(0 4.10345 0)
(0 4.41379 0)
(0 4.72414 0)
(0 5.03448 0)
(0 5.34483 0)
(0 5.65517 0)
(0 5.96552 0)
(0 6.27586 0)
(0 6.58621 0)
(0 6.89655 0)
(0 7.2069 0)
(0 7.51724 0)
(0 7.82759 0)
(0 8.13793 0)
(0 8.44828 0)
(0 8.75862 0)
(0 9.06897 0)
(0 9.37931 0)
(0 9.68966 0)
(0.551724 10 0)
(1.10345 10 0)
(1.65517 10 0)
(2.2069 10 0)
(2.75862 10 0)
(3.31034 10 0)
(3.86207 10 0)
(4.41379 10 0)
(4.96552 10 0)
(5.51724 10 0)
(6.06897 10 0)
(6.62069 10 0)
(7.17241 10 0)
(7.72414 10 0)
(8.27586 10 0)
(8.82759 10 0)
(9.37931 10 0)
(9.93103 10 0)
(10.4828 10 0)
(11.0345 10 0)
(11.5862 10 0)
(12.1379 10 0)
(12.6897 10 0)
(13.2414 10 0)
(13.7931 10 0)
(14.3448 10 0)
(14.8966 10 0)
(15.4483 10 0)
(16 9.8 0)
(16 9.6 0)
(16 9.4 0)
(16 9.2 0)
(16 8.68966 0)
(16 8.37931 0)
(16 8.06897 0)
(16 7.75862 0)
(16 7.44828 0)
(16 7.13793 0)
(16 6.82759 0)
(16 6.51724 0)
(16 6.2069 0)
(16 5.89655 0)
(16 5.58621 0)
(16 5.27586 0)
(16 4.96552 0)
(16 4.65517 0)
(16 4.34483 0)
(16 4.03448 0)
(16 3.72414 0)
(16 3.41379 0)
(16 3.10345 0)
(16 2.7931 0)
(16 2.48276 0)
(16 2.17241 0)
(16 1.86207 0)
(16 1.55172 0)
(16 1.24138 0)
(16 0.931034 0)
(16 0.62069 0)
(16 0.310345 0)
(15.4483 0 0)
(14.8966 0 0)
(14.3448 0 0)
(13.7931 0 0)
(13.2414 0 0)
(12.6897 0 0)
(12.1379 0 0)
(11.5862 0 0)
(11.0345 0 0)
(10.4828 0 0)
(9.93103 0 0)
(9.37931 0 0)
(8.82759 0 0)
(8.27586 0 0)
(7.72414 0 0)
(7.17241 0 0)
(6.62069 0 0)
(6.06897 0 0)
(5.51724 0 0)
(4.96552 0 0)
(4.41379 0 0)
(3.86207 0 0)
(3.31034 0 0)
(2.75862 0 0)
(2.2069 0 0)
(1.65517 0 0)
(1.10345 0 0)
(0.551724 0 0)
(0 0.2 0.5)
(0 0.4 0.5)
(0 0.6 0.5)
(0 0.8 0.5)
(0 1.31034 0.5)
(0 1.62069 0.5)
(0 1.93103 0.5)
(0 2.24138 0.5)
(0 2.55172 0.5)
(0 2.86207 0.5)
(0 3.17241 0.5)
(0 3.48276 0.5)
(0 3.7931 0.5)
(0 4.10345 0.5)
(0 4.41379 0.5)
(0 4.72414 0.5)
(0 5.03448 0.5)
(0 5.34483 0.5)
(0 5.65517 0.5)
(0 5.96552 0.5)
(0 6.27586 0.5)
(0 6.58621 0.5)
(0 6.89655 0.5)
(0 7.2069 0.5)
(0 7.51724 0.5)
(0 7.82759 0.5)
(0 8.13793 0.5)
(0 8.44828 0.5)
(0 8.75862 0.5)
(0 9.06897 0.5)
(0 9.37931 0.5)
(0 9.68966 0.5)
(0.551724 10 0.5)
(1.10345 10 0.5)
(1.65517 10 0.5)
(2.2069 10 0.5)
(2.75862 10 0.5)
(3.31034 10 0.5)
(3.86207 10 0.5)
(4.41379 10 0.5)
(4.96552 10 0.5)
(5.51724 10 0.5)
(6.06897 10 0.5)
(6.62069 10 0.5)
(7.17241 10 0.5)
(7.72414 10 0.5)
(8.27586 10 0.5)
(8.82759 10 0.5)
(9.37931 10 0.5)
(9.93103 10 0.5)
(10.4828 10 0.5)
(11.0345 10 0.5)
(11.5862 10 0.5)
(12.1379 10 0.5)
(12.6897 10 0.5)
(13.2414 10 0.5)
(13.7931 10 0.5)
(14.3448 10 0.5)
(14.8966 10 0.5)
(15.4483 10 0.5)
(16 9.8 0.5)
(16 9.6 0.5)
(16 9.4 0.5)
(16 9.2 0.5)
(16 8.68966 0.5)
(16 8.37931 0.5)
(16 8.06897 0.5)
(16 7.75862 0.5)
(16 7.44828 0.5)
(16 7.13793 0.5)
(16 6.82759 0.5)
(16 6.51724 0.5)
(16 6.2069 0.5)
(16 5.89655 0.5)
(16 5.58621 0.5)
(16 5.27586 0.5)
(16 4.96552 0.5)
(16 4.65517 0.5)
(16 4.34483 0.5)
(16 4.03448 0.5)
(16 3.72414 0.5)
(16 3.41379 0.5)
(16 3.10345 0.5)
(16 2.7931 0.5)
(16 2.48276 0.5)
(16 2.17241 0.5)
(16 1.86207 0.5)
(16 1.55172 0.5)
(16 1.24138 0.5)
(16 0.931034 0.5)
(16 0.62069 0.5)
(16 0.310345 0.5)
(15.4483 0 0.5)
(14.8966 0 0.5)
(14.3448 0 0.5)
(13.7931 0 0.5)
(13.2414 0 0.5)
(12.6897 0 0.5)
(12.1379 0 0.5)
(11.5862 0 0.5)
(11.0345 0 0.5)
(10.4828 0 0.5)
(9.93103 0 0.5)
(9.37931 0 0.5)
(8.82759 0 0.5)
(8.27586 0 0.5)
(7.72414 0 0.5)
(7.17241 0 0.5)
(6.62069 0 0.5)
(6.06897 0 0.5)
(5.51724 0 0.5)
(4.96552 0 0.5)
(4.41379 0 0.5)
(3.86207 0 0.5)
(3.31034 0 0.5)
(2.75862 0 0.5)
(2.2069 0 0.5)
(1.65517 0 0.5)
(1.10345 0 0.5)
(0.551724 0 0.5)
(11.0648 5.09468 0)
(4.897 4.84886 0)
(13.149 2.9047 0)
(2.9084 7.08027 0)
(13.2951 6.99241 0)
(2.7049 3.00759 0)
(8.0145 3.45968 0)
(7.56915 6.72213 0)
(13.9504 4.81034 0)
(2.04963 5.18966 0)
(10.5062 2.59736 0)
(10.8304 7.5673 0)
(5.15499 2.43356 0)
(5.36044 7.54751 0)
(14.3313 8.23158 0)
(1.66867 1.76842 0)
(1.60436 7.98276 0)
(14.3956 2.01724 0)
(14.5246 6.34839 0)
(1.47541 3.65161 0)
(14.6051 3.56897 0)
(1.39487 6.43103 0)
(9.06478 5.27357 0)
(6.77637 4.89882 0)
(8.96575 8.07644 0)
(6.98928 1.90483 0)
(8.8507 1.82618 0)
(11.9272 1.7213 0)
(12.5926 5.5313 0)
(3.40772 4.46942 0)
(6.87453 8.29124 0)
(12.2751 8.35019 0)
(3.72494 1.64981 0)
(3.88347 8.36855 0)
(14.9327 1.10828 0)
(1.06582 8.8911 0)
(14.9812 5.43103 0)
(14.9951 7.31505 0)
(1.01879 4.56897 0)
(1.00487 2.68495 0)
(4.34927 6.34616 0)
(15.0359 8.80658 0)
(0.964072 1.19342 0)
(11.6952 3.5555 0)
(6.44966 3.33801 0)
(5.84642 6.11701 0)
(15.0697 4.49995 0)
(0.930339 5.50005 0)
(10.0088 4.05572 0)
(9.52274 6.70808 0)
(11.8811 6.7099 0)
(4.11891 3.2901 0)
(3.16886 5.80094 0)
(12.8265 4.20122 0)
(13.21 1.37287 0)
(0.97321 7.42545 0)
(15.0268 2.57455 0)
(2.67988 8.67761 0)
(10.1406 1.38743 0)
(13.6295 5.81983 0)
(2.37053 4.18017 0)
(10.2239 8.60558 0)
(5.87018 1.26165 0)
(5.71385 8.71926 0)
(9.24569 3.09864 0)
(13.3403 8.71703 0)
(2.65974 1.28297 0)
(5.27188 3.71537 0)
(10.7352 6.18225 0)
(0.527869 0.648964 0)
(15.4721 9.35104 0)
(15.182 8.06689 0)
(0.818035 1.93311 0)
(6.47819 7.15264 0)
(8.03711 8.7095 0)
(7.98364 4.68418 0)
(15.2784 6.38451 0)
(0.721626 3.61549 0)
(13.7194 3.89516 0)
(14.0849 7.16582 0)
(1.91506 2.83418 0)
(2.27729 6.1031 0)
(15.1561 1.84636 0)
(0.843914 8.15364 0)
(7.89845 1.15305 0)
(13.9908 2.86764 0)
(2.00975 7.13267 0)
(11.2629 8.87724 0)
(4.72125 1.10855 0)
(15.3021 3.55987 0)
(0.697874 6.44013 0)
(3.9358 7.38071 0)
(13.5202 7.83189 0)
(2.47983 2.16811 0)
(12.0811 2.7057 0)
(8.58107 6.25285 0)
(8.7722 4.23923 0)
(14.1452 9.10612 0)
(1.85481 0.893884 0)
(7.91254 2.3917 0)
(8.02997 7.73323 0)
(10.1452 5.43734 0)
(3.91369 5.20104 0)
(11.0966 1.17712 0)
(12.0825 4.80148 0)
(7.54955 5.59454 0)
(4.70425 9.02805 0)
(2.36269 7.9148 0)
(5.79603 4.60218 0)
(14.1046 1.22428 0)
(13.6141 2.10562 0)
(7.27802 4.07851 0)
(12.4827 7.39412 0)
(3.51728 2.60588 0)
(6.16187 2.39923 0)
(14.389 4.24103 0)
(1.61086 5.75885 0)
(9.16944 8.98167 0)
(9.84216 7.65498 0)
(11.703 5.8736 0)
(4.40349 4.10254 0)
(12.3734 0.896307 0)
(6.8713 0.950219 0)
(6.78311 6.2003 0)
(14.3406 5.70635 0)
(1.65945 4.29365 0)
(2.77403 5.04841 0)
(1.8553 8.71805 0)
(13.226 4.95218 0)
(9.29712 0.930122 0)
(10.9448 4.2337 0)
(15.4018 5.00386 0)
(0.598229 4.99614 0)
(15.4552 5.74138 0)
(0.544845 4.25862 0)
(8.69142 7.13812 0)
(15.4552 6.98276 0)
(0.544845 3.01724 0)
(5.2258 6.66334 0)
(12.692 2.10292 0)
(4.98355 5.78644 0)
(3.36006 9.20073 0)
(12.6715 6.3971 0)
(3.32849 3.60291 0)
(13.9121 6.4961 0)
(2.08794 3.5039 0)
(9.70414 2.15663 0)
(14.5973 4.94253 0)
(1.40267 5.05747 0)
(15.4622 0.785266 0)
(0.537832 9.21475 0)
(7.23932 3.05485 0)
(3.28335 7.70267 0)
(3.55393 6.61374 0)
(11.0914 1.93391 0)
(0.514467 2.39655 0)
(15.4855 7.60345 0)
(12.4373 3.44431 0)
(6.52702 9.11285 0)
(12.5476 9.1587 0)
(3.45241 0.841296 0)
(11.6895 7.8221 0)
(4.30984 2.18038 0)
(0.42486 1.16578 0)
(15.5751 8.83422 0)
(6.07028 7.97269 0)
(4.7478 8.12028 0)
(15.4544 4.05917 0)
(0.545632 5.94083 0)
(0.496294 8.6098 0)
(15.5037 1.3902 0)
(10.7946 3.39477 0)
(0.549696 6.97625 0)
(15.4503 3.02375 0)
(0.482132 7.70296 0)
(15.5179 2.29704 0)
(6.05869 5.34194 0)
(7.1703 7.52724 0)
(11.3042 2.77278 0)
(1.41271 7.04821 0)
(14.5873 2.95179 0)
(10.0362 3.19303 0)
(14.5121 7.64533 0)
(1.48793 2.35467 0)
(14.9127 5.95449 0)
(1.08727 4.04551 0)
(9.67323 4.77042 0)
(10.322 6.951 0)
(7.33034 9.23579 0)
(13.5758 0.695886 0)
(14.9254 6.7459 0)
(1.0746 3.2541 0)
(14.9611 3.98189 0)
(1.03893 6.0181 0)
(5.67279 3.06042 0)
(9.50409 5.91839 0)
(2.87449 6.40972 0)
(13.1221 3.59064 0)
(15.5429 4.55853 0)
(0.457064 5.44147 0)
(4.65749 7.23504 0)
(8.30146 5.38705 0)
(4.84676 3.12067 0)
(11.1534 6.87977 0)
(14.8316 9.40207 0)
(1.16842 0.597934 0)
(2.26756 9.30506 0)
(5.15521 1.69421 0)
(12.9596 8.25747 0)
(3.04036 1.74253 0)
(10.7839 8.30562 0)
(6.48515 4.14726 0)
(10.6214 9.26433 0)
(10.417 4.74959 0)
(15.5063 8.41188 0)
(0.493696 1.58812 0)
(8.51962 2.88198 0)
(13.1863 6.29484 0)
(2.81365 3.70516 0)
(8.50318 0.712696 0)
(5.35049 0.72316 0)
(1.57891 9.30196 0)
(2.52109 5.58607 0)
(13.4778 4.4138 0)
(14.3228 0.806274 0)
(2.04959 6.45348 0)
(13.9487 3.54604 0)
(11.8653 9.31049 0)
(3.80822 5.91894 0)
(12.1613 4.11055 0)
(4.14509 0.662896 0)
(11.7316 0.701666 0)
(5.55109 7.06565 0)
(10.4452 0.675802 0)
(6.27637 0.782161 0)
(9.67949 9.30094 0)
(4.14092 9.38743 0)
(14.8154 8.4126 0)
(1.18465 1.5874 0)
(3.26186 8.41077 0)
(0.90602 6.77939 0)
(15.094 3.22061 0)
(5.17707 9.29264 0)
(1.23772 8.44207 0)
(14.7588 1.55632 0)
(0.312497 0.492318 0)
(15.6875 9.50768 0)
(13.872 5.35148 0)
(2.12796 4.64852 0)
(8.52764 9.23023 0)
(13.6932 8.42155 0)
(2.30683 1.57845 0)
(6.26963 1.74976 0)
(1.38822 7.52946 0)
(14.6118 2.47054 0)
(10.5595 1.9166 0)
(11.4446 4.29428 0)
(9.46825 3.68328 0)
(7.57233 8.3039 0)
(5.41683 5.31755 0)
(7.66538 1.78757 0)
(9.45839 8.4867 0)
(5.3001 8.2956 0)
(15.5797 5.39059 0)
(0.420255 4.60941 0)
(12.6992 1.50214 0)
(0.287349 0.909475 0)
(15.7127 9.09052 0)
(8.71829 4.79924 0)
(12.9913 7.56629 0)
(3.00867 2.43371 0)
(5.7845 3.79092 0)
(10.0543 6.22246 0)
(15.5981 6.04472 0)
(0.401888 3.95528 0)
(13.56 9.35718 0)
(2.44003 0.642824 0)
(7.41635 0.615814 0)
(15.5524 6.63219 0)
(0.447565 3.36781 0)
(0.392158 2.08099 0)
(15.6078 7.91901 0)
(2.9176 4.49884 0)
(13.0826 5.50153 0)
(6.98903 2.55615 0)
(9.81004 0.651068 0)
(2.46181 6.92687 0)
(13.5471 3.07105 0)
(4.48585 5.66837 0)
(3.38884 5.26642 0)
(8.76776 3.31616 0)
(8.21844 4.08714 0)
(13.8963 1.69858 0)
(10.7918 5.57926 0)
(14.4737 7.05105 0)
(1.52632 2.94895 0)
(12.61 4.73702 0)
(2.08082 8.28782 0)
(4.92432 4.31366 0)
(9.47412 1.56243 0)
(8.39308 8.24945 0)
(1.05951 9.51348 0)
(14.941 0.486734 0)
(7.46857 5.02336 0)
(12.9938 0.533559 0)
(6.95221 5.68793 0)
(6.96246 6.80818 0)
(11.6581 8.40358 0)
(4.3446 1.57085 0)
(11.4887 6.43581 0)
(4.54433 3.52009 0)
(0.487631 8.06726 0)
(15.5124 1.93274 0)
(9.19033 2.41633 0)
(6.00488 9.3875 0)
(2.87822 9.39452 0)
(6.303 6.54148 0)
(7.93954 6.14586 0)
(9.33494 7.27009 0)
(0.326179 7.3459 0)
(15.6738 2.6541 0)
(13.5561 2.62608 0)
(2.02024 7.55258 0)
(11.7817 2.2391 0)
(8.22246 6.77123 0)
(5.80335 2.0752 0)
(14.9385 7.75043 0)
(1.06152 2.24957 0)
(2.43459 7.37046 0)
(3.96138 4.63423 0)
(4.23317 7.89219 0)
(13.6177 7.2982 0)
(2.38232 2.7018 0)
(12.0664 5.34617 0)
(12.616 6.90736 0)
(3.38403 3.09264 0)
(14.1634 6.1363 0)
(1.83658 3.8637 0)
(13.9827 2.44465 0)
(6.28553 8.54803 0)
(14.5773 8.81347 0)
(1.42268 1.18653 0)
(0.327438 2.7069 0)
(15.6726 7.2931 0)
(13.9736 7.80871 0)
(2.02636 2.19129 0)
(15.02 4.88179 0)
(0.979988 5.11821 0)
(8.48868 1.3282 0)
(15.6571 0.489421 0)
(0.34295 9.5106 0)
(14.9966 2.22731 0)
(1.00344 7.77269 0)
(15.6711 3.55981 0)
(0.328942 6.44019 0)
(12.2881 5.99925 0)
(3.74252 4.0042 0)
(14.1705 6.78645 0)
(1.82948 3.21355 0)
(2.06606 5.66566 0)
(13.9339 4.33432 0)
(15.6914 1.08821 0)
(0.308641 8.91179 0)
(11.901 7.2963 0)
(4.09901 2.704 0)
(12.6382 2.66123 0)
(8.25528 1.89159 0)
(1.76565 6.21671 0)
(6.65344 7.7328 0)
(14.2332 3.78274 0)
(10.2236 8.10076 0)
(14.5582 5.34711 0)
(1.44181 4.65289 0)
(13.0545 9.44737 0)
(2.94548 0.552628 0)
(3.47248 7.06265 0)
(7.92391 9.41275 0)
(11.3484 9.46667 0)
(8.99361 6.67006 0)
(4.64249 0.520877 0)
(9.72593 2.75377 0)
(4.00553 6.78506 0)
(11.6859 3.06597 0)
(7.33815 1.30731 0)
(3.11925 4.05429 0)
(12.8834 5.94613 0)
(7.41681 2.26867 0)
(7.34891 6.19256 0)
(6.34358 5.8544 0)
(10.5175 3.833 0)
(10.6578 1.40724 0)
(8.61108 8.76085 0)
(13.1426 1.86678 0)
(13.1259 2.37698 0)
(8.51794 7.71746 0)
(7.49648 3.53847 0)
(8.94817 5.82507 0)
(9.45581 4.23858 0)
(7.82443 3.02275 0)
(14.1451 8.62192 0)
(1.85492 1.37808 0)
(11.4494 1.50196 0)
(4.18248 8.79203 0)
(3.99528 1.18201 0)
(6.41953 1.22164 0)
(14.7088 4.58205 0)
(1.29119 5.41793 0)
(12.0042 8.8118 0)
(5.21841 8.84189 0)
(7.68139 7.26804 0)
(15.1846 8.40652 0)
(0.815354 1.59348 0)
(11.211 0.623136 0)
(2.37522 4.94443 0)
(13.6248 5.05565 0)
(14.2423 5.09403 0)
(1.75772 4.90597 0)
(12.6547 7.95967 0)
(3.34525 2.04033 0)
(2.72984 5.97785 0)
(13.267 4.02271 0)
(8.5443 2.41663 0)
(4.85313 6.29282 0)
(2.78016 8.17292 0)
(0.814459 8.55517 0)
(15.1847 1.44446 0)
(15.3289 7.29838 0)
(0.671055 2.70162 0)
(13.7361 6.90225 0)
(2.2639 3.09775 0)
(0.273453 6.1122 0)
(15.7265 3.8878 0)
(15.7224 3.2448 0)
(0.277627 6.7552 0)
(5.44749 4.17268 0)
(15.6867 4.80698 0)
(0.313264 5.19302 0)
(14.9026 6.33565 0)
(1.09738 3.66435 0)
(7.77716 4.23039 0)
(8.01344 0.4763 0)
(4.77336 9.57106 0)
(12.832 8.73926 0)
(3.16806 1.26071 0)
(11.2012 6.01006 0)
(12.2167 2.21201 0)
(4.36937 4.92182 0)
(11.8762 1.22466 0)
(15.2561 6.07553 0)
(0.743859 3.92447 0)
(11.6305 5.08212 0)
(6.89634 9.50409 0)
(6.91659 3.53807 0)
(7.1613 4.71952 0)
(9.60696 5.25391 0)
(15.2496 6.70824 0)
(0.750389 3.29176 0)
(6.96749 8.81485 0)
(6.28602 4.75497 0)
(14.3063 4.64559 0)
(1.69366 5.35441 0)
(14.5276 1.1879 0)
(4.71378 2.62421 0)
(0.213171 0.266867 0)
(15.7868 9.73313 0)
(4.6424 6.75423 0)
(11.2829 7.3785 0)
(0.203476 0.678806 0)
(15.7965 9.32119 0)
(5.83225 7.49573 0)
(5.34558 6.212 0)
(2.86484 7.67305 0)
(11.2142 3.81117 0)
(11.1519 7.97645 0)
(14.9415 3.62904 0)
(1.05848 6.37096 0)
(14.5775 6.01526 0)
(1.42245 3.98474 0)
(5.3815 4.71026 0)
(6.18232 2.95977 0)
(14.7396 5.68818 0)
(1.26037 4.31182 0)
(9.01657 0.463282 0)
(5.50422 5.83259 0)
(15.6992 4.24824 0)
(0.300802 5.75176 0)
(9.21521 4.76249 0)
(8.22039 7.31384 0)
(1.37749 1.91666 0)
(14.6225 8.08334 0)
(4.82623 2.01478 0)
(14.0201 0.421143 0)
(9.11291 9.56006 0)
(5.79343 0.4285 0)
(9.42007 7.91571 0)
(15.1809 9.65874 0)
(0.81907 0.341256 0)
(10.1902 9.58005 0)
(9.86845 7.12482 0)
(10.3402 7.49677 0)
(4.79536 7.61707 0)
(14.1041 9.57579 0)
(1.89588 0.424213 0)
(13.7785 8.86912 0)
(2.22146 1.13088 0)
(15.2592 5.31259 0)
(0.740812 4.68741 0)
(5.65931 2.54833 0)
(14.3566 1.66498 0)
(13.6552 1.26231 0)
(3.6099 7.90762 0)
(12.1583 7.82898 0)
(3.8415 2.1715 0)
(15.7533 5.73654 0)
(0.246667 4.26346 0)
(6.81591 0.437134 0)
(3.22675 4.846 0)
(0.278662 8.31158 0)
(15.7213 1.68842 0)
(15.7507 6.94102 0)
(0.24932 3.05898 0)
(12.7735 5.15597 0)
(11.2533 4.66415 0)
(5.27187 1.20216 0)
(1.62972 8.32014 0)
(12.8754 1.03386 0)
(4.75526 5.31918 0)
(10.7589 8.82806 0)
(0.23984 3.64723 0)
(15.1085 5.70718 0)
(0.891487 4.29282 0)
(15.7602 6.35277 0)
(0.2307 7.03616 0)
(15.7693 2.96384 0)
(1.48916 8.83552 0)
(3.6018 9.56703 0)
(2.92975 5.4769 0)
(6.72996 3.02405 0)
(11.9349 6.33825 0)
(4.10942 3.67809 0)
(13.0694 4.52331 0)
(15.7621 0.782924 0)
(0.237885 9.21708 0)
(15.3197 1.11358 0)
(0.679951 8.88626 0)
(12.4392 0.363855 0)
(1.71362 6.7684 0)
(14.2861 3.23151 0)
(7.49622 8.76835 0)
(12.4019 3.07799 0)
(6.80226 1.426 0)
(1.93299 9.61478 0)
(15.1331 7.01437 0)
(0.866913 2.98563 0)
(1.3561 6.08346 0)
(14.6438 3.91645 0)
(15.7623 5.12718 0)
(0.237738 4.87282 0)
(13.015 6.70277 0)
(2.98497 3.29724 0)
(10.4768 3.07522 0)
(5.7341 6.58741 0)
(15.2186 3.86501 0)
(0.781449 6.13499 0)
(6.42358 9.60089 0)
(10.9325 2.38357 0)
(5.09174 7.15022 0)
(0.193327 1.16323 0)
(0.276083 1.42944 0)
(15.8067 8.83677 0)
(15.7239 8.57056 0)
(3.06783 8.89819 0)
(12.2955 9.62941 0)
(8.97545 1.34664 0)
(3.70952 0.38886 0)
(10.594 5.11726 0)
(10.4576 4.29075 0)
(3.31427 6.18294 0)
(1.67778 7.28732 0)
(14.3228 2.71232 0)
(8.37371 5.81717 0)
(2.25706 8.74764 0)
(0.234423 2.34396 0)
(15.7656 7.65604 0)
(0.272174 1.79689 0)
(15.7278 8.20311 0)
(9.73817 1.09522 0)
(12.2725 6.57154 0)
(3.73996 3.43176 0)
(15.3024 4.71214 0)
(0.697627 5.28786 0)
(12.6858 3.82924 0)
(12.042 3.34698 0)
(3.1535 6.7032 0)
(8.98603 7.62356 0)
(15.2094 7.56552 0)
(0.790561 2.43448 0)
(12.8258 3.27422 0)
(3.58797 8.70586 0)
(10.3365 5.95251 0)
(9.02157 8.54543 0)
(0.706236 9.55576 0)
(15.2939 0.444363 0)
(2.46851 6.49223 0)
(15.1584 4.17338 0)
(0.841585 5.82662 0)
(2.50678 4.55523 0)
(13.4932 5.44485 0)
(13.531 3.50749 0)
(13.3405 8.22752 0)
(2.65945 1.77248 0)
(7.88264 5.12608 0)
(6.56797 5.32246 0)
(3.19542 7.38478 0)
(10.7239 6.69855 0)
(9.16479 6.23714 0)
(14.7432 1.94007 0)
(1.25676 8.05993 0)
(13.4593 6.59726 0)
(2.54069 3.40274 0)
(5.27573 3.28559 0)
(10.1044 2.33719 0)
(13.9849 5.79864 0)
(2.01513 4.20136 0)
(9.98446 1.82527 0)
(15.1049 9.20926 0)
(0.895108 0.790744 0)
(13.66 6.15564 0)
(2.33999 3.84436 0)
(0.205363 7.67447 0)
(15.7946 2.32553 0)
(0.83653 7.10756 0)
(15.1635 2.89244 0)
(4.51111 4.56422 0)
(4.36318 8.35015 0)
(3.87198 6.30539 0)
(12.3556 1.79672 0)
(13.5036 1.66123 0)
(5.79361 8.30392 0)
(10.753 0.398924 0)
(6.54108 2.17382 0)
(11.4263 5.48412 0)
(3.5985 4.90156 0)
(9.28143 1.98142 0)
(10.8887 2.92837 0)
(11.1887 8.44812 0)
(11.2793 3.28098 0)
(12.425 5.11439 0)
(7.20954 7.98556 0)
(14.1802 7.56986 0)
(1.81978 2.43014 0)
(14.8378 5.16794 0)
(1.16216 4.83206 0)
(10.038 4.50555 0)
(5.80021 4.98429 0)
(6.10803 8.95795 0)
(15.448 3.32177 0)
(0.552032 6.67823 0)
(14.5876 6.67798 0)
(1.41244 3.32202 0)
(10.17 0.381182 0)
(6.76566 4.4796 0)
(14.8218 4.23246 0)
(1.17817 5.7675 0)
(7.44828 9.64721 0)
(3.51915 7.49175 0)
(12.4652 4.36685 0)
(3.52852 5.63643 0)
(4.79712 1.52865 0)
(6.00422 3.40203 0)
(12.2344 7.00485 0)
(3.76742 2.99567 0)
(15.7881 4.51625 0)
(0.211858 5.48375 0)
(0.656342 7.37854 0)
(15.3437 2.62146 0)
(3.55231 1.2863 0)
(12.4589 8.69967 0)
(1.90166 9.11281 0)
(10.0791 4.97234 0)
(15.2723 2.13893 0)
(0.727696 7.86107 0)
(10.202 9.08929 0)
(4.76069 8.57444 0)
(2.53032 9.64035 0)
(1.26896 6.75714 0)
(14.731 3.24285 0)
(13.2845 5.94648 0)
(2.71541 4.05348 0)
(14.6783 7.36905 0)
(1.32174 2.63095 0)
(6.47094 8.13619 0)
(14.8087 9.07317 0)
(1.19133 0.926835 0)
(9.74201 8.84398 0)
(0.216719 8.60801 0)
(15.7833 1.39199 0)
(13.0933 7.96857 0)
(2.90671 2.03143 0)
(1.39876 9.64635 0)
(1.12807 7.14482 0)
(14.8719 2.85518 0)
(14.5429 0.42163 0)
(4.36436 7.44688 0)
(11.5109 1.06848 0)
(13.9357 0.881978 0)
(6.88579 7.24553 0)
(4.43554 3.02306 0)
(5.58278 7.92008 0)
(11.5648 6.97722 0)
(6.23337 7.45577 0)
(9.96257 3.60212 0)
(9.64554 3.27517 0)
(5.75472 0.870435 0)
(14.4879 9.61938 0)
(1.5121 0.380617 0)
(10.7643 9.64781 0)
(6.02159 4.20738 0)
(15.4745 3.78633 0)
(0.52547 6.21367 0)
(13.262 0.979698 0)
(4.31288 7.1051 0)
(9.98008 6.64553 0)
(0.626989 2.15016 0)
(15.373 7.84984 0)
(10.6224 7.91243 0)
(9.81932 8.23029 0)
(5.22056 2.84546 0)
(10.7755 7.16198 0)
(3.79099 9.10281 0)
(7.25382 7.11422 0)
(5.86103 5.70335 0)
(8.60811 5.19781 0)
(8.41437 3.69631 0)
(14.2463 6.44394 0)
(1.75366 3.55606 0)
(5.2323 0.342256 0)
(0.583625 8.33723 0)
(15.4163 1.66272 0)
(9.87454 5.79202 0)
(2.61348 9.11056 0)
(15.3463 8.98639 0)
(0.653705 1.01361 0)
(7.58162 7.79797 0)
(8.88766 2.80228 0)
(15.3765 4.35284 0)
(0.623527 5.64716 0)
(15.4001 8.65467 0)
(0.599914 1.34533 0)
(8.07694 1.5401 0)
(12.1343 3.71783 0)
(12.0537 0.392366 0)
(11.6883 2.63879 0)
(10.3685 6.46067 0)
(10.1699 2.79131 0)
(12.6468 9.55887 0)
(14.505 8.48021 0)
(1.49496 1.51979 0)
(7.82689 3.81488 0)
(7.59566 4.60777 0)
(13.235 3.26962 0)
(1.72335 7.66402 0)
(7.94143 8.1454 0)
(8.29705 4.96594 0)
(2.77321 6.73083 0)
(5.60182 3.45087 0)
(11.5107 1.93161 0)
(11.7692 3.99352 0)
(2.43212 8.36015 0)
(9.66543 6.29463 0)
(6.32357 0.322986 0)
(8.32282 3.21203 0)
(13.5172 0.29573 0)
(14.7989 7.0289 0)
(1.20115 2.9711 0)
(8.55172 0.304613 0)
(9.65517 9.69668 0)
(3.32065 0.403566 0)
(5.36311 2.06412 0)
(8.8562 0.956187 0)
(4.19494 5.97847 0)
(5.60882 9.58941 0)
(10.1157 0.920405 0)
(4.949 3.4881 0)
(12.944 7.14676 0)
(3.05599 2.85324 0)
(14.2766 2.33505 0)
(5.61004 1.65855 0)
(11.0582 6.4618 0)
(2.36518 5.27308 0)
(13.6348 4.72684 0)
(10.7827 4.63579 0)
(0.212195 7.9679 0)
(15.7878 2.0321 0)
(15.8242 5.43103 0)
(0.175777 4.56897 0)
(14.4925 9.265 0)
(1.50754 0.735002 0)
(6.357 3.76845 0)
(15.5151 9.65012 0)
(0.484866 0.349881 0)
(11.9288 4.40727 0)
(8.34933 4.48739 0)
(9.50493 0.384906 0)
(11.6472 8.97865 0)
(14.3805 7.33871 0)
(1.6195 2.66129 0)
(0.886253 9.20766 0)
(15.1136 0.792308 0)
(12.2463 1.42823 0)
(11.9453 8.10121 0)
(15.8263 6.05172 0)
(0.17366 3.94828 0)
(4.0545 1.88041 0)
(11.6633 4.67567 0)
(10.9881 1.57435 0)
(6.022 7.04978 0)
(6.79812 3.9794 0)
(0.183435 3.34062 0)
(15.8166 6.65938 0)
(13.8149 7.5754 0)
(2.18514 2.4246 0)
(14.0017 8.1718 0)
(1.99831 1.8282 0)
(0.142774 0.49548 0)
(15.8572 9.50452 0)
(13.0496 9.07467 0)
(2.95038 0.925327 0)
(14.07 2.03049 0)
(7.5016 2.68052 0)
(14.1977 5.43802 0)
(1.80231 4.56198 0)
(0.172478 2.08621 0)
(15.8275 7.91379 0)
(11.3848 2.31663 0)
(14.0689 4.06331 0)
(4.31415 5.34045 0)
(10.978 9.19822 0)
(8.53358 9.64061 0)
(3.19534 9.62514 0)
(1.973 5.95662 0)
(12.6356 8.43838 0)
(3.36443 1.56162 0)
(8.00938 5.61414 0)
(11.8542 9.69859 0)
(4.33704 0.999466 0)
(2.12728 6.79833 0)
(13.8734 3.20141 0)
(15.081 6.53161 0)
(0.919003 3.46839 0)
(4.57335 6.01445 0)
(8.62214 6.70806 0)
(7.21608 8.48978 0)
(14.2702 7.91844 0)
(1.72976 2.08156 0)
(4.0409 5.62395 0)
(3.14376 8.00859 0)
(1.26816 9.18463 0)
(1.92615 7.96799 0)
(14.7301 0.800521 0)
(4.99679 0.797755 0)
(13.2639 7.3176 0)
(2.73607 2.6824 0)
(8.66482 5.55235 0)
(5.23857 9.71823 0)
(9.31798 5.57312 0)
(14.9321 8.13883 0)
(1.06793 1.86117 0)
(10.6725 0.98027 0)
(10.3575 3.41963 0)
(7.07933 5.20777 0)
(0.482107 3.65577 0)
(15.5179 6.34423 0)
(15.2314 2.37186 0)
(0.768565 7.62814 0)
(8.1826 2.75068 0)
(6.48897 2.66892 0)
(5.14002 7.90505 0)
(9.02068 3.71203 0)
(4.14227 0.284614 0)
(15.4292 8.15825 0)
(0.570802 1.84175 0)
(4.92342 3.88541 0)
(5.64618 9.13812 0)
(11.0648 5.09468 0.5)
(4.897 4.84886 0.5)
(13.149 2.9047 0.5)
(2.9084 7.08027 0.5)
(13.2951 6.99241 0.5)
(2.7049 3.00759 0.5)
(8.0145 3.45968 0.5)
(7.56915 6.72213 0.5)
(13.9504 4.81034 0.5)
(2.04963 5.18966 0.5)
(10.5062 2.59736 0.5)
(10.8304 7.5673 0.5)
(5.15499 2.43356 0.5)
(5.36044 7.54751 0.5)
(14.3313 8.23158 0.5)
(1.66867 1.76842 0.5)
(1.60436 7.98276 0.5)
(14.3956 2.01724 0.5)
(14.5246 6.34839 0.5)
(1.47541 3.65161 0.5)
(14.6051 3.56897 0.5)
(1.39487 6.43103 0.5)
(9.06478 5.27357 0.5)
(6.77637 4.89882 0.5)
(8.96575 8.07644 0.5)
(6.98928 1.90483 0.5)
(8.8507 1.82618 0.5)
(11.9272 1.7213 0.5)
(12.5926 5.5313 0.5)
(3.40772 4.46942 0.5)
(6.87453 8.29124 0.5)
(12.2751 8.35019 0.5)
(3.72494 1.64981 0.5)
(3.88347 8.36855 0.5)
(14.9327 1.10828 0.5)
(1.06582 8.8911 0.5)
(14.9812 5.43103 0.5)
(14.9951 7.31505 0.5)
(1.01879 4.56897 0.5)
(1.00487 2.68495 0.5)
(4.34927 6.34616 0.5)
(15.0359 8.80658 0.5)
(0.964072 1.19342 0.5)
(11.6952 3.5555 0.5)
(6.44966 3.33801 0.5)
(5.84642 6.11701 0.5)
(15.0697 4.49995 0.5)
(0.930339 5.50005 0.5)
(10.0088 4.05572 0.5)
(9.52274 6.70808 0.5)
(11.8811 6.7099 0.5)
(4.11891 3.2901 0.5)
(3.16886 5.80094 0.5)
(12.8265 4.20122 0.5)
(13.21 1.37287 0.5)
(0.97321 7.42545 0.5)
(15.0268 2.57455 0.5)
(2.67988 8.67761 0.5)
(10.1406 1.38743 0.5)
(13.6295 5.81983 0.5)
(2.37053 4.18017 0.5)
(10.2239 8.60558 0.5)
(5.87018 1.26165 0.5)
(5.71385 8.71926 0.5)
(9.24569 3.09864 0.5)
(13.3403 8.71703 0.5)
(2.65974 1.28297 0.5)
(5.27188 3.71537 0.5)
(10.7352 6.18225 0.5)
(0.527869 0.648964 0.5)
(15.4721 9.35104 0.5)
(15.182 8.06689 0.5)
(0.818035 1.93311 0.5)
(6.47819 7.15264 0.5)
(8.03711 8.7095 0.5)
(7.98364 4.68418 0.5)
(15.2784 6.38451 0.5)
(0.721626 3.61549 0.5)
(13.7194 3.89516 0.5)
(14.0849 7.16582 0.5)
(1.91506 2.83418 0.5)
(2.27729 6.1031 0.5)
(15.1561 1.84636 0.5)
(0.843914 8.15364 0.5)
(7.89845 1.15305 0.5)
(13.9908 2.86764 0.5)
(2.00975 7.13267 0.5)
(11.2629 8.87724 0.5)
(4.72125 1.10855 0.5)
(15.3021 3.55987 0.5)
(0.697874 6.44013 0.5)
(3.9358 7.38071 0.5)
(13.5202 7.83189 0.5)
(2.47983 2.16811 0.5)
(12.0811 2.7057 0.5)
(8.58107 6.25285 0.5)
(8.7722 4.23923 0.5)
(14.1452 9.10612 0.5)
(1.85481 0.893884 0.5)
(7.91254 2.3917 0.5)
(8.02997 7.73323 0.5)
(10.1452 5.43734 0.5)
(3.91369 5.20104 0.5)
(11.0966 1.17712 0.5)
(12.0825 4.80148 0.5)
(7.54955 5.59454 0.5)
(4.70425 9.02805 0.5)
(2.36269 7.9148 0.5)
(5.79603 4.60218 0.5)
(14.1046 1.22428 0.5)
(13.6141 2.10562 0.5)
(7.27802 4.07851 0.5)
(12.4827 7.39412 0.5)
(3.51728 2.60588 0.5)
(6.16187 2.39923 0.5)
(14.389 4.24103 0.5)
(1.61086 5.75885 0.5)
(9.16944 8.98167 0.5)
(9.84216 7.65498 0.5)
(11.703 5.8736 0.5)
(4.40349 4.10254 0.5)
(12.3734 0.896307 0.5)
(6.8713 0.950219 0.5)
(6.78311 6.2003 0.5)
(14.3406 5.70635 0.5)
(1.65945 4.29365 0.5)
(2.77403 5.04841 0.5)
(1.8553 8.71805 0.5)
(13.226 4.95218 0.5)
(9.29712 0.930122 0.5)
(10.9448 4.2337 0.5)
(15.4018 5.00386 0.5)
(0.598229 4.99614 0.5)
(15.4552 5.74138 0.5)
(0.544845 4.25862 0.5)
(8.69142 7.13812 0.5)
(15.4552 6.98276 0.5)
(0.544845 3.01724 0.5)
(5.2258 6.66334 0.5)
(12.692 2.10292 0.5)
(4.98355 5.78644 0.5)
(3.36006 9.20073 0.5)
(12.6715 6.3971 0.5)
(3.32849 3.60291 0.5)
(13.9121 6.4961 0.5)
(2.08794 3.5039 0.5)
(9.70414 2.15663 0.5)
(14.5973 4.94253 0.5)
(1.40267 5.05747 0.5)
(15.4622 0.785266 0.5)
(0.537832 9.21475 0.5)
(7.23932 3.05485 0.5)
(3.28335 7.70267 0.5)
(3.55393 6.61374 0.5)
(11.0914 1.93391 0.5)
(0.514467 2.39655 0.5)
(15.4855 7.60345 0.5)
(12.4373 3.44431 0.5)
(6.52702 9.11285 0.5)
(12.5476 9.1587 0.5)
(3.45241 0.841296 0.5)
(11.6895 7.8221 0.5)
(4.30984 2.18038 0.5)
(0.42486 1.16578 0.5)
(15.5751 8.83422 0.5)
(6.07028 7.97269 0.5)
(4.7478 8.12028 0.5)
(15.4544 4.05917 0.5)
(0.545632 5.94083 0.5)
(0.496294 8.6098 0.5)
(15.5037 1.3902 0.5)
(10.7946 3.39477 0.5)
(0.549696 6.97625 0.5)
(15.4503 3.02375 0.5)
(0.482132 7.70296 0.5)
(15.5179 2.29704 0.5)
(6.05869 5.34194 0.5)
(7.1703 7.52724 0.5)
(11.3042 2.77278 0.5)
(1.41271 7.04821 0.5)
(14.5873 2.95179 0.5)
(10.0362 3.19303 0.5)
(14.5121 7.64533 0.5)
(1.48793 2.35467 0.5)
(14.9127 5.95449 0.5)
(1.08727 4.04551 0.5)
(9.67323 4.77042 0.5)
(10.322 6.951 0.5)
(7.33034 9.23579 0.5)
(13.5758 0.695886 0.5)
(14.9254 6.7459 0.5)
(1.0746 3.2541 0.5)
(14.9611 3.98189 0.5)
(1.03893 6.0181 0.5)
(5.67279 3.06042 0.5)
(9.50409 5.91839 0.5)
(2.87449 6.40972 0.5)
(13.1221 3.59064 0.5)
(15.5429 4.55853 0.5)
(0.457064 5.44147 0.5)
(4.65749 7.23504 0.5)
(8.30146 5.38705 0.5)
(4.84676 3.12067 0.5)
(11.1534 6.87977 0.5)
(14.8316 9.40207 0.5)
(1.16842 0.597934 0.5)
(2.26756 9.30506 0.5)
(5.15521 1.69421 0.5)
(12.9596 8.25747 0.5)
(3.04036 1.74253 0.5)
(10.7839 8.30562 0.5)
(6.48515 4.14726 0.5)
(10.6214 9.26433 0.5)
(10.417 4.74959 0.5)
(15.5063 8.41188 0.5)
(0.493696 1.58812 0.5)
(8.51962 2.88198 0.5)
(13.1863 6.29484 0.5)
(2.81365 3.70516 0.5)
(8.50318 0.712696 0.5)
(5.35049 0.72316 0.5)
(1.57891 9.30196 0.5)
(2.52109 5.58607 0.5)
(13.4778 4.4138 0.5)
(14.3228 0.806274 0.5)
(2.04959 6.45348 0.5)
(13.9487 3.54604 0.5)
(11.8653 9.31049 0.5)
(3.80822 5.91894 0.5)
(12.1613 4.11055 0.5)
(4.14509 0.662896 0.5)
(11.7316 0.701666 0.5)
(5.55109 7.06565 0.5)
(10.4452 0.675802 0.5)
(6.27637 0.782161 0.5)
(9.67949 9.30094 0.5)
(4.14092 9.38743 0.5)
(14.8154 8.4126 0.5)
(1.18465 1.5874 0.5)
(3.26186 8.41077 0.5)
(0.90602 6.77939 0.5)
(15.094 3.22061 0.5)
(5.17707 9.29264 0.5)
(1.23772 8.44207 0.5)
(14.7588 1.55632 0.5)
(0.312497 0.492318 0.5)
(15.6875 9.50768 0.5)
(13.872 5.35148 0.5)
(2.12796 4.64852 0.5)
(8.52764 9.23023 0.5)
(13.6932 8.42155 0.5)
(2.30683 1.57845 0.5)
(6.26963 1.74976 0.5)
(1.38822 7.52946 0.5)
(14.6118 2.47054 0.5)
(10.5595 1.9166 0.5)
(11.4446 4.29428 0.5)
(9.46825 3.68328 0.5)
(7.57233 8.3039 0.5)
(5.41683 5.31755 0.5)
(7.66538 1.78757 0.5)
(9.45839 8.4867 0.5)
(5.3001 8.2956 0.5)
(15.5797 5.39059 0.5)
(0.420255 4.60941 0.5)
(12.6992 1.50214 0.5)
(0.287349 0.909475 0.5)
(15.7127 9.09052 0.5)
(8.71829 4.79924 0.5)
(12.9913 7.56629 0.5)
(3.00867 2.43371 0.5)
(5.7845 3.79092 0.5)
(10.0543 6.22246 0.5)
(15.5981 6.04472 0.5)
(0.401888 3.95528 0.5)
(13.56 9.35718 0.5)
(2.44003 0.642824 0.5)
(7.41635 0.615814 0.5)
(15.5524 6.63219 0.5)
(0.447565 3.36781 0.5)
(0.392158 2.08099 0.5)
(15.6078 7.91901 0.5)
(2.9176 4.49884 0.5)
(13.0826 5.50153 0.5)
(6.98903 2.55615 0.5)
(9.81004 0.651068 0.5)
(2.46181 6.92687 0.5)
(13.5471 3.07105 0.5)
(4.48585 5.66837 0.5)
(3.38884 5.26642 0.5)
(8.76776 3.31616 0.5)
(8.21844 4.08714 0.5)
(13.8963 1.69858 0.5)
(10.7918 5.57926 0.5)
(14.4737 7.05105 0.5)
(1.52632 2.94895 0.5)
(12.61 4.73702 0.5)
(2.08082 8.28782 0.5)
(4.92432 4.31366 0.5)
(9.47412 1.56243 0.5)
(8.39308 8.24945 0.5)
(1.05951 9.51348 0.5)
(14.941 0.486734 0.5)
(7.46857 5.02336 0.5)
(12.9938 0.533559 0.5)
(6.95221 5.68793 0.5)
(6.96246 6.80818 0.5)
(11.6581 8.40358 0.5)
(4.3446 1.57085 0.5)
(11.4887 6.43581 0.5)
(4.54433 3.52009 0.5)
(0.487631 8.06726 0.5)
(15.5124 1.93274 0.5)
(9.19033 2.41633 0.5)
(6.00488 9.3875 0.5)
(2.87822 9.39452 0.5)
(6.303 6.54148 0.5)
(7.93954 6.14586 0.5)
(9.33494 7.27009 0.5)
(0.326179 7.3459 0.5)
(15.6738 2.6541 0.5)
(13.5561 2.62608 0.5)
(2.02024 7.55258 0.5)
(11.7817 2.2391 0.5)
(8.22246 6.77123 0.5)
(5.80335 2.0752 0.5)
(14.9385 7.75043 0.5)
(1.06152 2.24957 0.5)
(2.43459 7.37046 0.5)
(3.96138 4.63423 0.5)
(4.23317 7.89219 0.5)
(13.6177 7.2982 0.5)
(2.38232 2.7018 0.5)
(12.0664 5.34617 0.5)
(12.616 6.90736 0.5)
(3.38403 3.09264 0.5)
(14.1634 6.1363 0.5)
(1.83658 3.8637 0.5)
(13.9827 2.44465 0.5)
(6.28553 8.54803 0.5)
(14.5773 8.81347 0.5)
(1.42268 1.18653 0.5)
(0.327438 2.7069 0.5)
(15.6726 7.2931 0.5)
(13.9736 7.80871 0.5)
(2.02636 2.19129 0.5)
(15.02 4.88179 0.5)
(0.979988 5.11821 0.5)
(8.48868 1.3282 0.5)
(15.6571 0.489421 0.5)
(0.34295 9.5106 0.5)
(14.9966 2.22731 0.5)
(1.00344 7.77269 0.5)
(15.6711 3.55981 0.5)
(0.328942 6.44019 0.5)
(12.2881 5.99925 0.5)
(3.74252 4.0042 0.5)
(14.1705 6.78645 0.5)
(1.82948 3.21355 0.5)
(2.06606 5.66566 0.5)
(13.9339 4.33432 0.5)
(15.6914 1.08821 0.5)
(0.308641 8.91179 0.5)
(11.901 7.2963 0.5)
(4.09901 2.704 0.5)
(12.6382 2.66123 0.5)
(8.25528 1.89159 0.5)
(1.76565 6.21671 0.5)
(6.65344 7.7328 0.5)
(14.2332 3.78274 0.5)
(10.2236 8.10076 0.5)
(14.5582 5.34711 0.5)
(1.44181 4.65289 0.5)
(13.0545 9.44737 0.5)
(2.94548 0.552628 0.5)
(3.47248 7.06265 0.5)
(7.92391 9.41275 0.5)
(11.3484 9.46667 0.5)
(8.99361 6.67006 0.5)
(4.64249 0.520877 0.5)
(9.72593 2.75377 0.5)
(4.00553 6.78506 0.5)
(11.6859 3.06597 0.5)
(7.33815 1.30731 0.5)
(3.11925 4.05429 0.5)
(12.8834 5.94613 0.5)
(7.41681 2.26867 0.5)
(7.34891 6.19256 0.5)
(6.34358 5.8544 0.5)
(10.5175 3.833 0.5)
(10.6578 1.40724 0.5)
(8.61108 8.76085 0.5)
(13.1426 1.86678 0.5)
(13.1259 2.37698 0.5)
(8.51794 7.71746 0.5)
(7.49648 3.53847 0.5)
(8.94817 5.82507 0.5)
(9.45581 4.23858 0.5)
(7.82443 3.02275 0.5)
(14.1451 8.62192 0.5)
(1.85492 1.37808 0.5)
(11.4494 1.50196 0.5)
(4.18248 8.79203 0.5)
(3.99528 1.18201 0.5)
(6.41953 1.22164 0.5)
(14.7088 4.58205 0.5)
(1.29119 5.41793 0.5)
(12.0042 8.8118 0.5)
(5.21841 8.84189 0.5)
(7.68139 7.26804 0.5)
(15.1846 8.40652 0.5)
(0.815354 1.59348 0.5)
(11.211 0.623136 0.5)
(2.37522 4.94443 0.5)
(13.6248 5.05565 0.5)
(14.2423 5.09403 0.5)
(1.75772 4.90597 0.5)
(12.6547 7.95967 0.5)
(3.34525 2.04033 0.5)
(2.72984 5.97785 0.5)
(13.267 4.02271 0.5)
(8.5443 2.41663 0.5)
(4.85313 6.29282 0.5)
(2.78016 8.17292 0.5)
(0.814459 8.55517 0.5)
(15.1847 1.44446 0.5)
(15.3289 7.29838 0.5)
(0.671055 2.70162 0.5)
(13.7361 6.90225 0.5)
(2.2639 3.09775 0.5)
(0.273453 6.1122 0.5)
(15.7265 3.8878 0.5)
(15.7224 3.2448 0.5)
(0.277627 6.7552 0.5)
(5.44749 4.17268 0.5)
(15.6867 4.80698 0.5)
(0.313264 5.19302 0.5)
(14.9026 6.33565 0.5)
(1.09738 3.66435 0.5)
(7.77716 4.23039 0.5)
(8.01344 0.4763 0.5)
(4.77336 9.57106 0.5)
(12.832 8.73926 0.5)
(3.16806 1.26071 0.5)
(11.2012 6.01006 0.5)
(12.2167 2.21201 0.5)
(4.36937 4.92182 0.5)
(11.8762 1.22466 0.5)
(15.2561 6.07553 0.5)
(0.743859 3.92447 0.5)
(11.6305 5.08212 0.5)
(6.89634 9.50409 0.5)
(6.91659 3.53807 0.5)
(7.1613 4.71952 0.5)
(9.60696 5.25391 0.5)
(15.2496 6.70824 0.5)
(0.750389 3.29176 0.5)
(6.96749 8.81485 0.5)
(6.28602 4.75497 0.5)
(14.3063 4.64559 0.5)
(1.69366 5.35441 0.5)
(14.5276 1.1879 0.5)
(4.71378 2.62421 0.5)
(0.213171 0.266867 0.5)
(15.7868 9.73313 0.5)
(4.6424 6.75423 0.5)
(11.2829 7.3785 0.5)
(0.203476 0.678806 0.5)
(15.7965 9.32119 0.5)
(5.83225 7.49573 0.5)
(5.34558 6.212 0.5)
(2.86484 7.67305 0.5)
(11.2142 3.81117 0.5)
(11.1519 7.97645 0.5)
(14.9415 3.62904 0.5)
(1.05848 6.37096 0.5)
(14.5775 6.01526 0.5)
(1.42245 3.98474 0.5)
(5.3815 4.71026 0.5)
(6.18232 2.95977 0.5)
(14.7396 5.68818 0.5)
(1.26037 4.31182 0.5)
(9.01657 0.463282 0.5)
(5.50422 5.83259 0.5)
(15.6992 4.24824 0.5)
(0.300802 5.75176 0.5)
(9.21521 4.76249 0.5)
(8.22039 7.31384 0.5)
(1.37749 1.91666 0.5)
(14.6225 8.08334 0.5)
(4.82623 2.01478 0.5)
(14.0201 0.421143 0.5)
(9.11291 9.56006 0.5)
(5.79343 0.4285 0.5)
(9.42007 7.91571 0.5)
(15.1809 9.65874 0.5)
(0.81907 0.341256 0.5)
(10.1902 9.58005 0.5)
(9.86845 7.12482 0.5)
(10.3402 7.49677 0.5)
(4.79536 7.61707 0.5)
(14.1041 9.57579 0.5)
(1.89588 0.424213 0.5)
(13.7785 8.86912 0.5)
(2.22146 1.13088 0.5)
(15.2592 5.31259 0.5)
(0.740812 4.68741 0.5)
(5.65931 2.54833 0.5)
(14.3566 1.66498 0.5)
(13.6552 1.26231 0.5)
(3.6099 7.90762 0.5)
(12.1583 7.82898 0.5)
(3.8415 2.1715 0.5)
(15.7533 5.73654 0.5)
(0.246667 4.26346 0.5)
(6.81591 0.437134 0.5)
(3.22675 4.846 0.5)
(0.278662 8.31158 0.5)
(15.7213 1.68842 0.5)
(15.7507 6.94102 0.5)
(0.24932 3.05898 0.5)
(12.7735 5.15597 0.5)
(11.2533 4.66415 0.5)
(5.27187 1.20216 0.5)
(1.62972 8.32014 0.5)
(12.8754 1.03386 0.5)
(4.75526 5.31918 0.5)
(10.7589 8.82806 0.5)
(0.23984 3.64723 0.5)
(15.1085 5.70718 0.5)
(0.891487 4.29282 0.5)
(15.7602 6.35277 0.5)
(0.2307 7.03616 0.5)
(15.7693 2.96384 0.5)
(1.48916 8.83552 0.5)
(3.6018 9.56703 0.5)
(2.92975 5.4769 0.5)
(6.72996 3.02405 0.5)
(11.9349 6.33825 0.5)
(4.10942 3.67809 0.5)
(13.0694 4.52331 0.5)
(15.7621 0.782924 0.5)
(0.237885 9.21708 0.5)
(15.3197 1.11358 0.5)
(0.679951 8.88626 0.5)
(12.4392 0.363855 0.5)
(1.71362 6.7684 0.5)
(14.2861 3.23151 0.5)
(7.49622 8.76835 0.5)
(12.4019 3.07799 0.5)
(6.80226 1.426 0.5)
(1.93299 9.61478 0.5)
(15.1331 7.01437 0.5)
(0.866913 2.98563 0.5)
(1.3561 6.08346 0.5)
(14.6438 3.91645 0.5)
(15.7623 5.12718 0.5)
(0.237738 4.87282 0.5)
(13.015 6.70277 0.5)
(2.98497 3.29724 0.5)
(10.4768 3.07522 0.5)
(5.7341 6.58741 0.5)
(15.2186 3.86501 0.5)
(0.781449 6.13499 0.5)
(6.42358 9.60089 0.5)
(10.9325 2.38357 0.5)
(5.09174 7.15022 0.5)
(0.193327 1.16323 0.5)
(0.276083 1.42944 0.5)
(15.8067 8.83677 0.5)
(15.7239 8.57056 0.5)
(3.06783 8.89819 0.5)
(12.2955 9.62941 0.5)
(8.97545 1.34664 0.5)
(3.70952 0.38886 0.5)
(10.594 5.11726 0.5)
(10.4576 4.29075 0.5)
(3.31427 6.18294 0.5)
(1.67778 7.28732 0.5)
(14.3228 2.71232 0.5)
(8.37371 5.81717 0.5)
(2.25706 8.74764 0.5)
(0.234423 2.34396 0.5)
(15.7656 7.65604 0.5)
(0.272174 1.79689 0.5)
(15.7278 8.20311 0.5)
(9.73817 1.09522 0.5)
(12.2725 6.57154 0.5)
(3.73996 3.43176 0.5)
(15.3024 4.71214 0.5)
(0.697627 5.28786 0.5)
(12.6858 3.82924 0.5)
(12.042 3.34698 0.5)
(3.1535 6.7032 0.5)
(8.98603 7.62356 0.5)
(15.2094 7.56552 0.5)
(0.790561 2.43448 0.5)
(12.8258 3.27422 0.5)
(3.58797 8.70586 0.5)
(10.3365 5.95251 0.5)
(9.02157 8.54543 0.5)
(0.706236 9.55576 0.5)
(15.2939 0.444363 0.5)
(2.46851 6.49223 0.5)
(15.1584 4.17338 0.5)
(0.841585 5.82662 0.5)
(2.50678 4.55523 0.5)
(13.4932 5.44485 0.5)
(13.531 3.50749 0.5)
(13.3405 8.22752 0.5)
(2.65945 1.77248 0.5)
(7.88264 5.12608 0.5)
(6.56797 5.32246 0.5)
(3.19542 7.38478 0.5)
(10.7239 6.69855 0.5)
(9.16479 6.23714 0.5)
(14.7432 1.94007 0.5)
(1.25676 8.05993 0.5)
(13.4593 6.59726 0.5)
(2.54069 3.40274 0.5)
(5.27573 3.28559 0.5)
(10.1044 2.33719 0.5)
(13.9849 5.79864 0.5)
(2.01513 4.20136 0.5)
(9.98446 1.82527 0.5)
(15.1049 9.20926 0.5)
(0.895108 0.790744 0.5)
(13.66 6.15564 0.5)
(2.33999 3.84436 0.5)
(0.205363 7.67447 0.5)
(15.7946 2.32553 0.5)
(0.83653 7.10756 0.5)
(15.1635 2.89244 0.5)
(4.51111 4.56422 0.5)
(4.36318 8.35015 0.5)
(3.87198 6.30539 0.5)
(12.3556 1.79672 0.5)
(13.5036 1.66123 0.5)
(5.79361 8.30392 0.5)
(10.753 0.398924 0.5)
(6.54108 2.17382 0.5)
(11.4263 5.48412 0.5)
(3.5985 4.90156 0.5)
(9.28143 1.98142 0.5)
(10.8887 2.92837 0.5)
(11.1887 8.44812 0.5)
(11.2793 3.28098 0.5)
(12.425 5.11439 0.5)
(7.20954 7.98556 0.5)
(14.1802 7.56986 0.5)
(1.81978 2.43014 0.5)
(14.8378 5.16794 0.5)
(1.16216 4.83206 0.5)
(10.038 4.50555 0.5)
(5.80021 4.98429 0.5)
(6.10803 8.95795 0.5)
(15.448 3.32177 0.5)
(0.552032 6.67823 0.5)
(14.5876 6.67798 0.5)
(1.41244 3.32202 0.5)
(10.17 0.381182 0.5)
(6.76566 4.4796 0.5)
(14.8218 4.23246 0.5)
(1.17817 5.7675 0.5)
(7.44828 9.64721 0.5)
(3.51915 7.49175 0.5)
(12.4652 4.36685 0.5)
(3.52852 5.63643 0.5)
(4.79712 1.52865 0.5)
(6.00422 3.40203 0.5)
(12.2344 7.00485 0.5)
(3.76742 2.99567 0.5)
(15.7881 4.51625 0.5)
(0.211858 5.48375 0.5)
(0.656342 7.37854 0.5)
(15.3437 2.62146 0.5)
(3.55231 1.2863 0.5)
(12.4589 8.69967 0.5)
(1.90166 9.11281 0.5)
(10.0791 4.97234 0.5)
(15.2723 2.13893 0.5)
(0.727696 7.86107 0.5)
(10.202 9.08929 0.5)
(4.76069 8.57444 0.5)
(2.53032 9.64035 0.5)
(1.26896 6.75714 0.5)
(14.731 3.24285 0.5)
(13.2845 5.94648 0.5)
(2.71541 4.05348 0.5)
(14.6783 7.36905 0.5)
(1.32174 2.63095 0.5)
(6.47094 8.13619 0.5)
(14.8087 9.07317 0.5)
(1.19133 0.926835 0.5)
(9.74201 8.84398 0.5)
(0.216719 8.60801 0.5)
(15.7833 1.39199 0.5)
(13.0933 7.96857 0.5)
(2.90671 2.03143 0.5)
(1.39876 9.64635 0.5)
(1.12807 7.14482 0.5)
(14.8719 2.85518 0.5)
(14.5429 0.42163 0.5)
(4.36436 7.44688 0.5)
(11.5109 1.06848 0.5)
(13.9357 0.881978 0.5)
(6.88579 7.24553 0.5)
(4.43554 3.02306 0.5)
(5.58278 7.92008 0.5)
(11.5648 6.97722 0.5)
(6.23337 7.45577 0.5)
(9.96257 3.60212 0.5)
(9.64554 3.27517 0.5)
(5.75472 0.870435 0.5)
(14.4879 9.61938 0.5)
(1.5121 0.380617 0.5)
(10.7643 9.64781 0.5)
(6.02159 4.20738 0.5)
(15.4745 3.78633 0.5)
(0.52547 6.21367 0.5)
(13.262 0.979698 0.5)
(4.31288 7.1051 0.5)
(9.98008 6.64553 0.5)
(0.626989 2.15016 0.5)
(15.373 7.84984 0.5)
(10.6224 7.91243 0.5)
(9.81932 8.23029 0.5)
(5.22056 2.84546 0.5)
(10.7755 7.16198 0.5)
(3.79099 9.10281 0.5)
(7.25382 7.11422 0.5)
(5.86103 5.70335 0.5)
(8.60811 5.19781 0.5)
(8.41437 3.69631 0.5)
(14.2463 6.44394 0.5)
(1.75366 3.55606 0.5)
(5.2323 0.342256 0.5)
(0.583625 8.33723 0.5)
(15.4163 1.66272 0.5)
(9.87454 5.79202 0.5)
(2.61348 9.11056 0.5)
(15.3463 8.98639 0.5)
(0.653705 1.01361 0.5)
(7.58162 7.79797 0.5)
(8.88766 2.80228 0.5)
(15.3765 4.35284 0.5)
(0.623527 5.64716 0.5)
(15.4001 8.65467 0.5)
(0.599914 1.34533 0.5)
(8.07694 1.5401 0.5)
(12.1343 3.71783 0.5)
(12.0537 0.392366 0.5)
(11.6883 2.63879 0.5)
(10.3685 6.46067 0.5)
(10.1699 2.79131 0.5)
(12.6468 9.55887 0.5)
(14.505 8.48021 0.5)
(1.49496 1.51979 0.5)
(7.82689 3.81488 0.5)
(7.59566 4.60777 0.5)
(13.235 3.26962 0.5)
(1.72335 7.66402 0.5)
(7.94143 8.1454 0.5)
(8.29705 4.96594 0.5)
(2.77321 6.73083 0.5)
(5.60182 3.45087 0.5)
(11.5107 1.93161 0.5)
(11.7692 3.99352 0.5)
(2.43212 8.36015 0.5)
(9.66543 6.29463 0.5)
(6.32357 0.322986 0.5)
(8.32282 3.21203 0.5)
(13.5172 0.29573 0.5)
(14.7989 7.0289 0.5)
(1.20115 2.9711 0.5)
(8.55172 0.304613 0.5)
(9.65517 9.69668 0.5)
(3.32065 0.403566 0.5)
(5.36311 2.06412 0.5)
(8.8562 0.956187 0.5)
(4.19494 5.97847 0.5)
(5.60882 9.58941 0.5)
(10.1157 0.920405 0.5)
(4.949 3.4881 0.5)
(12.944 7.14676 0.5)
(3.05599 2.85324 0.5)
(14.2766 2.33505 0.5)
(5.61004 1.65855 0.5)
(11.0582 6.4618 0.5)
(2.36518 5.27308 0.5)
(13.6348 4.72684 0.5)
(10.7827 4.63579 0.5)
(0.212195 7.9679 0.5)
(15.7878 2.0321 0.5)
(15.8242 5.43103 0.5)
(0.175777 4.56897 0.5)
(14.4925 9.265 0.5)
(1.50754 0.735002 0.5)
(6.357 3.76845 0.5)
(15.5151 9.65012 0.5)
(0.484866 0.349881 0.5)
(11.9288 4.40727 0.5)
(8.34933 4.48739 0.5)
(9.50493 0.384906 0.5)
(11.6472 8.97865 0.5)
(14.3805 7.33871 0.5)
(1.6195 2.66129 0.5)
(0.886253 9.20766 0.5)
(15.1136 0.792308 0.5)
(12.2463 1.42823 0.5)
(11.9453 8.10121 0.5)
(15.8263 6.05172 0.5)
(0.17366 3.94828 0.5)
(4.0545 1.88041 0.5)
(11.6633 4.67567 0.5)
(10.9881 1.57435 0.5)
(6.022 7.04978 0.5)
(6.79812 3.9794 0.5)
(0.183435 3.34062 0.5)
(15.8166 6.65938 0.5)
(13.8149 7.5754 0.5)
(2.18514 2.4246 0.5)
(14.0017 8.1718 0.5)
(1.99831 1.8282 0.5)
(0.142774 0.49548 0.5)
(15.8572 9.50452 0.5)
(13.0496 9.07467 0.5)
(2.95038 0.925327 0.5)
(14.07 2.03049 0.5)
(7.5016 2.68052 0.5)
(14.1977 5.43802 0.5)
(1.80231 4.56198 0.5)
(0.172478 2.08621 0.5)
(15.8275 7.91379 0.5)
(11.3848 2.31663 0.5)
(14.0689 4.06331 0.5)
(4.31415 5.34045 0.5)
(10.978 9.19822 0.5)
(8.53358 9.64061 0.5)
(3.19534 9.62514 0.5)
(1.973 5.95662 0.5)
(12.6356 8.43838 0.5)
(3.36443 1.56162 0.5)
(8.00938 5.61414 0.5)
(11.8542 9.69859 0.5)
(4.33704 0.999466 0.5)
(2.12728 6.79833 0.5)
(13.8734 3.20141 0.5)
(15.081 6.53161 0.5)
(0.919003 3.46839 0.5)
(4.57335 6.01445 0.5)
(8.62214 6.70806 0.5)
(7.21608 8.48978 0.5)
(14.2702 7.91844 0.5)
(1.72976 2.08156 0.5)
(4.0409 5.62395 0.5)
(3.14376 8.00859 0.5)
(1.26816 9.18463 0.5)
(1.92615 7.96799 0.5)
(14.7301 0.800521 0.5)
(4.99679 0.797755 0.5)
(13.2639 7.3176 0.5)
(2.73607 2.6824 0.5)
(8.66482 5.55235 0.5)
(5.23857 9.71823 0.5)
(9.31798 5.57312 0.5)
(14.9321 8.13883 0.5)
(1.06793 1.86117 0.5)
(10.6725 0.98027 0.5)
(10.3575 3.41963 0.5)
(7.07933 5.20777 0.5)
(0.482107 3.65577 0.5)
(15.5179 6.34423 0.5)
(15.2314 2.37186 0.5)
(0.768565 7.62814 0.5)
(8.1826 2.75068 0.5)
(6.48897 2.66892 0.5)
(5.14002 7.90505 0.5)
(9.02068 3.71203 0.5)
(4.14227 0.284614 0.5)
(15.4292 8.15825 0.5)
(0.570802 1.84175 0.5)
(4.92342 3.88541 0.5)
(5.64618 9.13812 0.5)
)


// ************************************************************************* //
